GO:0005509	127	119	108	108	104
GO:0009349	1	1	1	2	2
GO:0009512	5	13	3	3	5
GO:0047216	1	1	2	2	2
GO:0008883	1	1	2	2	3
GO:0032549	8	10	8	8	8
GO:0080085	1	1	0	1	1
GO:0015969	8	6	4	5	6
GO:0004026	1	1	1	1	1
GO:0003712	15	17	14	14	13
GO:0006749	3	2	2	2	2
GO:0016811	4	5	6	5	4
GO:0051536	56	55	46	51	46
GO:0004222	29	32	27	42	36
GO:0006783	2	2	2	4	3
GO:0008283	6	5	6	4	4
GO:0016844	18	20	19	21	26
GO:0030154	1	1	1	1	1
GO:0006891	3	3	3	4	2
GO:0016772	5	5	7	4	4
GO:0005783	34	33	31	35	32
GO:0031012	4	6	4	4	3
GO:0005381	3	3	3	3	3
GO:0045017	4	5	3	5	5
GO:0008418	1	1	1	1	1
GO:0009638	2	2	4	1	1
GO:0016616	63	71	61	61	62
GO:0008170	1	1	1	1	1
GO:0004474	1	1	1	1	1
GO:0004379	1	1	1	1	1
GO:0006750	3	2	2	3	3
GO:0016852	1	1	1	2	1
GO:0004013	1	2	1	1	1
GO:0005669	6	4	6	7	7
GO:0030598	33	13	12	36	17
GO:0046540	4	2	3	2	3
GO:0050790	1	2	1	2	2
GO:0004356	5	5	4	5	5
GO:0006754	2	2	2	2	2
GO:0005674	2	2	1	1	2
GO:0042546	19	18	17	15	16
GO:0051537	14	10	10	9	9
GO:0006284	20	19	14	18	17
GO:0048478	1	1	1	3	2
GO:0030833	5	8	6	5	5
GO:0008113	4	4	4	4	3
GO:0003871	2	2	1	2	3
GO:0046429	1	1	1	1	1
GO:0005471	4	3	3	3	3
GO:0017025	7	8	4	11	11
GO:0005839	21	25	23	22	22
GO:0006007	3	3	2	3	2
GO:0016471	2	2	2	2	2
GO:0008080	36	39	34	38	33
GO:0004799	2	1	1	1	1
GO:0071025	1	1	1	5	2
GO:0004190	125	116	102	111	84
GO:0006452	4	4	2	3	2
GO:0018279	1	1	1	1	1
GO:0010338	1	1	1	1	1
GO:0016573	4	5	4	4	4
GO:0005618	73	74	74	63	65
GO:0008168	145	138	127	125	116
GO:0009432	4	4	3	3	4
GO:0006364	23	21	20	32	22
GO:0003916	4	4	5	4	5
GO:0000930	1	1	1	1	1
GO:0043565	269	279	246	267	252
GO:0019205	11	10	10	9	9
GO:0016307	18	18	16	18	17
GO:0008081	15	14	13	16	15
GO:0000737	5	3	3	6	3
GO:0003910	3	3	3	4	3
GO:0003876	2	2	3	2	2
GO:0000159	13	15	13	12	12
GO:0007205	8	8	8	8	8
GO:0042545	43	38	40	34	35
GO:0004329	1	1	0	1	1
GO:0005847	1	2	1	1	1
GO:0045038	1	1	0	1	1
GO:0016592	17	14	15	16	16
GO:0019243	1	1	0	1	1
GO:0000103	1	1	3	0	0
GO:0030130	6	5	4	5	5
GO:0022900	2	3	1	5	2
GO:0004126	2	1	1	1	1
GO:0003777	54	52	49	64	54
GO:0043161	4	4	3	4	4
GO:0010215	11	10	10	9	9
GO:0016180	2	1	1	1	1
GO:0016310	5	5	4	4	4
GO:0004185	53	56	55	68	56
GO:0016876	10	11	9	9	9
GO:0004124	1	1	1	1	1
GO:0042147	2	2	2	2	2
GO:0009451	22	18	15	19	19
GO:0004832	6	3	2	3	3
GO:0034464	2	2	2	2	2
GO:0042752	2	2	2	2	2
GO:0016560	3	3	4	3	3
GO:0031683	6	6	4	5	5
GO:0043043	3	3	0	2	2
GO:0006265	9	9	10	14	12
GO:0006529	3	3	4	4	4
GO:0006228	6	6	6	5	5
GO:0004129	9	13	10	12	8
GO:0043248	2	1	1	1	1
GO:0051015	4	5	3	2	2
GO:0055075	1	1	2	1	1
GO:0009956	3	2	2	1	1
GO:0008792	2	2	1	1	1
GO:0016832	1	1	1	1	1
GO:0051726	4	4	6	4	4
GO:0017070	2	1	0	1	1
GO:0045292	2	2	2	2	2
GO:0015995	2	2	2	2	2
GO:0001522	22	19	17	21	22
GO:0008193	1	1	2	2	1
GO:0005875	8	8	8	7	6
GO:0006821	11	12	10	12	11
GO:0007029	1	1	1	1	1
GO:0004722	82	74	80	80	72
GO:0006659	3	2	2	2	2
GO:0051499	2	1	1	1	1
GO:0016020	892	872	807	824	792
GO:2000029	2	1	0	2	2
GO:0019789	3	4	3	4	4
GO:0071816	1	2	2	1	1
GO:0005086	7	8	7	9	8
GO:0032784	1	1	1	2	2
GO:0006555	1	1	1	1	1
GO:0022857	89	93	85	89	75
GO:0006488	1	1	1	1	1
GO:0009416	1	1	0	1	1
GO:0015914	13	10	9	12	12
GO:0042578	15	13	13	13	13
GO:0006887	45	32	33	33	26
GO:0000155	11	11	11	12	11
GO:0072546	2	3	3	3	3
GO:0030915	9	7	6	5	4
GO:0043967	1	1	1	1	1
GO:0016568	6	6	4	8	7
GO:0005639	1	1	1	1	1
GO:0000090	1	1	1	1	1
GO:0045492	1	1	1	1	1
GO:0006741	5	4	4	4	4
GO:0080048	3	3	3	4	3
GO:0004089	2	4	2	3	3
GO:0015935	7	5	6	5	4
GO:0031668	1	2	1	2	2
GO:0047262	23	21	19	21	15
GO:0005992	21	21	22	20	20
GO:0004396	10	7	7	9	9
GO:0051205	5	6	5	7	6
GO:0043190	1	1	1	1	1
GO:0004061	4	2	2	3	3
GO:0008519	12	9	7	8	8
GO:0042254	17	17	18	18	18
GO:0004518	17	19	13	20	18
GO:0016192	62	60	56	64	60
GO:0009523	59	47	42	31	29
GO:0031361	5	2	0	0	0
GO:0003993	15	12	11	8	8
GO:0004733	3	2	2	2	2
GO:0016987	6	6	6	7	7
GO:0048544	102	86	69	88	68
GO:0030983	11	13	11	14	12
GO:0016125	2	3	4	1	1
GO:0008381	1	1	0	1	1
GO:0032147	5	5	5	5	4
GO:0008643	7	7	6	7	7
GO:0032968	2	3	1	2	2
GO:0015105	5	4	2	3	3
GO:0006086	2	2	2	2	2
GO:0006420	2	1	3	2	2
GO:0051568	1	1	1	1	1
GO:0070481	1	1	1	5	2
GO:0006541	10	8	8	9	9
GO:0035267	4	4	3	6	5
GO:0006414	11	11	5	15	14
GO:0004348	4	4	4	5	5
GO:0004828	3	5	2	4	3
GO:0004809	4	4	5	6	5
GO:0004332	8	6	5	4	4
GO:0004484	2	1	1	2	2
GO:0030604	1	2	1	1	1
GO:0034551	1	1	1	1	1
GO:0000062	5	5	5	5	5
GO:0043169	16	19	12	12	12
GO:0043966	1	1	1	1	1
GO:0034061	1	1	1	1	1
GO:0007018	54	52	49	64	54
GO:0004146	2	1	1	1	1
GO:0003924	42	43	42	43	40
GO:0019901	15	11	10	18	14
GO:0000784	1	1	3	1	1
GO:0017150	4	5	4	5	4
GO:0005829	2	2	1	2	1
GO:0005991	1	2	0	1	1
GO:0006269	2	4	1	3	3
GO:0008233	19	16	15	17	17
GO:0004450	4	3	2	3	3
GO:0006537	3	3	3	3	3
GO:0006633	74	70	75	63	72
GO:0019439	1	1	1	1	1
GO:0070188	1	1	1	1	1
GO:0006379	2	3	2	3	2
GO:0004298	21	25	23	22	22
GO:0016762	29	35	33	29	29
GO:0006183	6	6	6	5	5
GO:0009439	1	1	1	1	1
GO:0046294	1	1	1	1	1
GO:0006729	1	2	2	2	2
GO:0017108	1	1	1	1	1
GO:0004360	2	2	1	2	1
GO:0030870	1	2	1	1	1
GO:0015743	9	9	9	9	7
GO:0016538	2	2	1	4	3
GO:0055085	490	522	462	501	479
GO:0008253	2	2	2	2	2
GO:0016036	3	3	2	3	2
GO:0016559	5	4	4	4	4
GO:0048193	9	9	9	9	9
GO:0009072	2	2	4	3	4
GO:0009972	2	1	1	1	1
GO:0006542	4	4	3	4	4
GO:0043085	1	1	1	1	1
GO:0031110	1	1	1	1	1
GO:0048280	1	1	1	1	1
GO:0046912	4	3	3	4	3
GO:0031122	1	1	1	1	1
GO:0043531	428	210	238	411	233
GO:0009435	3	5	3	3	3
GO:0005885	8	11	9	8	8
GO:0004827	2	2	3	2	2
GO:0016021	781	808	713	777	727
GO:0044237	5	4	4	4	4
GO:0004619	5	5	4	5	4
GO:0000176	1	1	1	1	1
GO:0009790	5	5	4	7	6
GO:0032039	2	1	1	1	1
GO:0016818	13	14	11	13	13
GO:0000178	4	4	4	4	4
GO:0019825	6	3	3	3	3
GO:0009306	1	1	1	0	0
GO:0008199	3	3	4	2	2
GO:0008440	1	1	1	1	1
GO:0008171	43	40	55	29	29
GO:0006725	2	1	1	2	3
GO:0004430	1	1	1	1	1
GO:0006310	27	33	33	36	34
GO:0015631	1	1	1	2	2
GO:0036361	1	1	1	1	1
GO:0006629	124	133	132	113	109
GO:0016780	5	7	6	6	5
GO:0042273	1	1	1	1	0
GO:0004181	1	1	1	1	1
GO:0016756	2	2	2	1	1
GO:0003849	4	4	4	4	4
GO:0051920	4	2	2	3	3
GO:0033617	1	1	1	1	1
GO:0046836	9	6	6	7	6
GO:0009059	2	1	2	1	1
GO:0042555	3	3	3	5	3
GO:0016620	10	10	13	14	10
GO:0003964	1	1	1	1	1
GO:0006631	13	18	14	12	13
GO:0006282	1	1	1	2	1
GO:0048208	2	5	3	2	2
GO:0004609	2	2	1	2	2
GO:0010212	1	1	1	1	1
GO:0050821	1	2	4	0	1
GO:0051013	1	1	1	1	1
GO:0045910	1	1	1	1	1
GO:0004488	3	3	2	4	3
GO:0006810	266	275	257	269	251
GO:0005975	381	364	351	343	338
GO:0006188	1	1	2	3	1
GO:0006177	1	1	1	1	1
GO:0004970	24	19	16	24	17
GO:0004853	3	2	2	2	2
GO:0016042	12	12	10	11	10
GO:1901137	2	2	1	2	1
GO:0052861	1	2	2	1	1
GO:0000148	11	11	11	13	13
GO:0016151	4	4	4	4	4
GO:0005779	8	7	6	8	7
GO:0004325	2	2	2	4	3
GO:0070008	5	5	6	7	6
GO:0002084	1	0	0	0	0
GO:0003887	14	15	13	16	14
GO:0042819	4	1	1	2	2
GO:0004560	2	2	2	3	2
GO:0016532	1	1	0	1	2
GO:0050826	1	1	1	1	1
GO:0016070	1	1	1	2	1
GO:0005663	1	1	2	1	1
GO:0007067	5	4	5	8	6
GO:0003935	3	3	3	4	4
GO:0008889	10	10	10	10	10
GO:0006334	17	17	15	16	16
GO:0005784	4	4	2	4	4
GO:0045735	27	27	30	21	18
GO:0047617	1	1	2	1	1
GO:0008652	5	4	3	4	5
GO:0003883	6	4	6	4	5
GO:0006526	2	2	3	2	3
GO:0006013	3	5	4	5	5
GO:0007031	3	3	2	5	4
GO:0043140	2	3	2	2	2
GO:0000105	5	8	10	9	9
GO:0046938	2	2	2	1	1
GO:0046556	8	5	6	5	5
GO:0042128	5	6	5	3	3
GO:0003873	2	2	2	2	2
GO:0006545	2	1	1	1	1
GO:0000439	7	8	7	6	6
GO:0006075	11	11	11	13	13
GO:0016598	1	1	1	1	1
GO:0006471	4	4	4	3	3
GO:0008837	1	1	2	1	1
GO:0004735	1	1	1	1	1
GO:0043189	1	1	1	1	1
GO:0016743	2	2	2	2	2
GO:0004748	2	3	2	2	2
GO:0044238	1	1	1	1	1
GO:0050660	70	81	72	69	68
GO:0004045	6	7	7	11	8
GO:0006281	78	104	75	89	82
GO:0004402	9	9	8	9	9
GO:0015780	2	1	1	3	3
GO:0006098	2	3	2	3	2
GO:0006661	1	1	1	1	1
GO:0016429	2	0	0	0	1
GO:0019509	1	2	1	1	1
GO:0006402	7	7	5	8	6
GO:0032259	7	7	6	8	7
GO:0008131	6	8	6	4	4
GO:0000079	15	11	10	18	14
GO:0000166	111	111	97	99	94
GO:0003746	15	15	7	18	16
GO:0043550	1	1	1	1	1
GO:0005345	2	2	2	2	2
GO:0006221	9	8	9	6	7
GO:0034755	3	3	3	3	3
GO:0003774	13	12	12	13	12
GO:0045040	1	2	1	1	1
GO:0000014	1	0	0	1	1
GO:0046654	1	1	1	2	1
GO:0034715	2	2	1	2	1
GO:0043666	1	2	1	2	1
GO:0008107	19	18	17	15	16
GO:0030337	1	1	4	5	2
GO:0009029	1	1	0	1	1
GO:0008677	1	1	1	1	1
GO:0043399	1	1	1	1	1
GO:0070652	4	4	4	4	4
GO:0016887	156	164	151	162	158
GO:0016485	3	3	2	3	3
GO:0007033	3	2	2	2	1
GO:0004565	2	4	2	3	3
GO:0016888	4	2	2	2	2
GO:0008897	3	3	2	4	2
GO:0003713	3	3	2	3	3
GO:0004575	2	2	1	3	3
GO:0030623	2	1	0	1	1
GO:0004427	16	15	14	12	11
GO:0005315	1	1	1	1	1
GO:0004014	4	4	2	3	3
GO:0016758	207	198	204	178	171
GO:0006102	4	3	2	3	3
GO:0051861	9	6	6	7	6
GO:0042132	5	5	5	5	5
GO:0006672	2	2	3	2	2
GO:0006863	2	2	2	2	2
GO:0004579	3	3	3	4	3
GO:0005516	39	35	31	30	29
GO:0006606	5	4	5	4	4
GO:0016884	17	11	15	14	12
GO:0048024	1	1	1	1	1
GO:0005787	6	5	4	4	5
GO:0016857	2	3	2	2	2
GO:0009052	3	4	4	3	3
GO:0035434	6	5	5	5	5
GO:0046034	14	16	6	8	8
GO:0000775	6	5	5	9	8
GO:0004097	2	9	9	7	6
GO:0008235	2	2	1	2	1
GO:0016255	3	4	2	3	3
GO:0008479	2	2	2	2	2
GO:0004252	87	90	80	100	92
GO:0004831	1	1	1	1	1
GO:0045132	2	2	1	2	3
GO:0042549	5	1	2	1	2
GO:0034314	8	11	9	8	8
GO:0009690	11	11	10	12	11
GO:0052866	1	1	1	1	1
GO:0003989	1	2	2	2	2
GO:0000077	4	3	3	6	4
GO:0004657	1	1	1	1	1
GO:0007155	1	1	1	1	1
GO:0016491	485	540	488	472	452
GO:0031011	8	10	8	9	9
GO:0007076	5	5	6	7	5
GO:0035299	1	1	1	2	2
GO:0009094	7	6	4	7	6
GO:0016742	4	3	2	4	4
GO:0009694	1	3	2	1	1
GO:0016817	4	4	3	4	4
GO:0005838	1	2	1	2	2
GO:0009584	3	3	3	4	4
GO:0003919	1	1	1	1	1
GO:0016787	212	215	202	220	209
GO:0051090	1	1	2	1	1
GO:0005739	43	50	40	58	52
GO:0004143	8	8	8	8	8
GO:0000226	18	15	18	18	16
GO:0019139	11	11	10	12	11
GO:0000184	2	2	2	3	2
GO:0008158	1	1	1	1	1
GO:0006259	5	5	5	8	4
GO:0004655	1	1	1	2	2
GO:0033699	1	1	1	1	0
GO:0006096	49	46	43	38	37
GO:0006479	8	10	8	9	8
GO:0006873	10	8	7	6	5
GO:0004198	1	1	1	1	1
GO:0051017	1	1	1	1	1
GO:0008374	14	14	12	8	8
GO:0016593	5	5	5	6	5
GO:0006796	9	7	6	7	6
GO:0000228	5	6	6	5	5
GO:0030145	8	9	8	9	8
GO:0009236	2	2	2	4	3
GO:0006491	1	1	1	1	1
GO:0006426	1	1	1	1	1
GO:0019988	1	1	1	1	1
GO:0016114	6	6	5	5	5
GO:0003333	34	40	38	32	33
GO:0007034	14	15	14	17	16
GO:0006621	5	5	4	5	5
GO:0006511	83	75	88	98	84
GO:0003885	9	9	5	10	9
GO:0000015	5	6	4	5	5
GO:0017004	6	9	3	6	4
GO:0030117	17	16	18	18	17
GO:0006480	1	1	0	1	1
GO:0032324	1	1	1	2	2
GO:0015171	24	26	25	22	23
GO:0008295	6	6	3	4	4
GO:0030418	3	3	2	4	7
GO:0016973	1	1	1	1	1
GO:0006744	1	1	1	1	1
GO:0005786	1	1	0	2	1
GO:0007094	8	6	6	6	6
GO:0033925	1	1	1	1	1
GO:0006637	1	1	2	1	1
GO:0045905	4	4	2	3	2
GO:0031145	1	1	1	1	1
GO:0030955	10	11	11	9	9
GO:0009341	2	4	2	3	3
GO:0044599	1	1	1	1	1
GO:0007020	2	2	2	3	2
GO:0004640	1	2	2	1	2
GO:0004601	161	169	149	168	159
GO:0004590	2	2	2	2	2
GO:0006122	6	6	5	6	6
GO:0048513	2	2	2	2	2
GO:0004864	1	2	1	2	1
GO:0016874	4	3	2	3	3
GO:0045116	1	1	1	1	1
GO:0052689	1	1	1	1	1
GO:0006378	3	4	3	3	3
GO:0004451	5	4	2	3	3
GO:0009521	6	3	9	1	5
GO:0006006	5	5	5	6	6
GO:0006777	4	5	3	3	3
GO:0008373	5	6	7	7	4
GO:0070072	1	2	2	2	2
GO:0005743	9	9	9	9	10
GO:0035246	1	1	1	1	2
GO:0005740	2	4	3	2	2
GO:0034450	2	2	2	2	1
GO:0016730	1	1	1	1	1
GO:0005681	15	15	13	15	13
GO:0006260	45	53	49	56	46
GO:0051321	1	1	1	1	1
GO:0033743	3	4	3	4	3
GO:0006231	2	1	1	1	1
GO:0009539	24	15	13	2	1
GO:0031429	1	1	1	1	1
GO:0031167	2	3	3	2	2
GO:0006353	3	3	2	3	3
GO:0016638	4	4	3	4	4
GO:0009229	3	3	3	4	3
GO:0005665	1	1	1	1	1
GO:0045739	1	1	1	1	1
GO:0006429	1	1	1	1	1
GO:0004012	13	10	9	12	12
GO:0005215	177	181	172	173	161
GO:0007005	2	2	2	4	3
GO:0015095	12	11	11	11	11
GO:0010277	9	7	5	4	4
GO:0004739	2	2	2	2	2
GO:0015940	2	4	4	3	2
GO:0008536	15	14	10	16	15
GO:0016799	2	2	2	2	2
GO:0006779	4	4	4	4	3
GO:0006556	3	4	3	4	3
GO:0045747	2	2	2	1	1
GO:0051260	4	4	4	4	5
GO:0050999	1	1	1	1	1
GO:0043231	1	1	1	1	1
GO:0004418	1	1	1	1	1
GO:0046873	22	25	18	25	20
GO:0042803	4	5	3	6	4
GO:0033897	7	10	8	4	4
GO:0006820	4	3	2	4	3
GO:0016615	2	3	4	3	2
GO:0005622	294	289	256	264	248
GO:0030904	1	1	1	1	1
GO:0019478	1	1	1	1	1
GO:0006464	8	9	6	10	11
GO:0004017	2	2	3	1	1
GO:0003676	435	436	564	479	437
GO:0017183	1	2	1	1	1
GO:0019856	1	1	2	1	1
GO:0016459	13	12	12	13	12
GO:0006817	1	1	1	1	1
GO:0015299	27	27	27	29	27
GO:0030176	2	1	2	1	1
GO:0071203	3	0	1	0	0
GO:0006855	56	61	50	51	49
GO:0051304	1	1	1	1	0
GO:0003857	5	6	3	4	4
GO:0008237	7	6	6	6	6
GO:0004109	1	2	2	2	1
GO:0060236	5	5	5	5	4
GO:0016740	14	16	11	16	14
GO:0030570	4	4	4	2	2
GO:0004784	3	3	3	3	3
GO:0008138	18	19	17	20	18
GO:0004817	1	1	1	1	1
GO:0050080	1	1	1	1	1
GO:0042765	4	6	3	6	4
GO:0034227	2	2	2	2	2
GO:0006506	9	9	9	9	9
GO:0006890	6	7	5	6	7
GO:0050992	3	2	1	1	1
GO:0000387	5	5	5	5	4
GO:0008964	6	6	6	6	6
GO:0000162	1	1	1	1	1
GO:0006527	2	2	1	1	1
GO:0006388	3	2	2	3	2
GO:0004668	1	1	1	2	2
GO:0015629	16	18	14	14	12
GO:0006450	1	1	1	1	1
GO:0016705	343	291	333	264	247
GO:0010155	2	2	2	1	1
GO:0004519	12	14	12	14	14
GO:0016161	10	10	8	10	10
GO:0009496	1	1	1	1	1
GO:0000272	10	10	8	10	10
GO:0004564	2	2	1	3	3
GO:0017148	33	13	12	36	17
GO:0070772	1	1	1	1	1
GO:0007264	31	30	33	27	31
GO:0016763	1	1	1	1	1
GO:0032012	7	8	7	9	8
GO:0046872	258	254	232	248	234
GO:0000776	2	2	2	1	2
GO:0005887	1	1	1	1	1
GO:0004616	12	8	9	8	8
GO:0046983	264	278	252	220	239
GO:0009165	5	4	3	3	4
GO:0006974	1	1	1	3	2
GO:0005375	6	5	5	5	5
GO:0016998	17	18	19	16	14
GO:0052725	6	6	5	5	5
GO:0042127	1	1	1	1	1
GO:0006505	4	3	3	3	3
GO:0007010	10	12	10	12	12
GO:0006461	1	1	1	1	1
GO:0006605	2	2	2	3	3
GO:0003682	23	17	15	19	21
GO:0017038	2	2	2	2	2
GO:0008474	1	0	0	0	0
GO:0007186	12	11	9	9	9
GO:0000126	1	3	0	3	2
GO:0050017	1	1	1	1	1
GO:0005849	2	2	2	2	2
GO:0005874	18	19	20	19	17
GO:0006357	21	17	19	21	19
GO:0004020	1	1	3	0	0
GO:0009405	1	0	0	2	0
GO:0006139	41	40	34	39	36
GO:0006784	1	1	1	1	1
GO:0004725	5	5	4	5	5
GO:0006814	2	4	3	5	5
GO:0004867	30	39	44	37	36
GO:0004764	3	3	2	2	2
GO:0005615	19	12	14	28	17
GO:0016655	4	4	4	4	4
GO:0006165	6	6	6	5	5
GO:0016558	1	1	0	2	1
GO:0009186	2	2	3	2	2
GO:0071486	1	1	1	1	1
GO:0004371	1	2	2	1	1
GO:0034508	1	1	1	1	1
GO:0003997	3	4	3	3	3
GO:0000339	2	2	2	2	2
GO:0009264	1	1	1	1	1
GO:0019499	1	1	1	1	1
GO:0004363	3	2	2	3	3
GO:0004197	9	14	12	11	13
GO:0015018	10	9	10	10	10
GO:0004174	1	1	1	1	1
GO:0017119	4	4	4	5	3
GO:0008250	1	2	2	2	2
GO:0031369	3	3	3	4	4
GO:0050832	5	7	6	2	2
GO:0051716	2	2	2	2	2
GO:0006897	2	2	2	2	2
GO:0008152	559	585	563	526	489
GO:0004594	2	2	2	2	2
GO:0004003	8	9	8	10	9
GO:0008124	1	2	2	2	2
GO:0009654	25	21	20	22	23
GO:0036459	13	5	7	12	6
GO:0006024	4	4	4	4	4
GO:0016760	16	13	20	15	14
GO:0004471	7	6	9	6	7
GO:0008759	1	2	1	1	1
GO:0031491	2	1	1	3	3
GO:0005544	10	11	9	11	11
GO:0004789	1	1	1	1	1
GO:0008601	13	15	13	12	12
GO:0004452	2	3	2	2	2
GO:0030942	1	1	0	2	1
GO:0004823	1	1	1	1	1
GO:0043142	1	1	1	1	1
GO:0004615	1	1	2	1	1
GO:0006884	2	2	1	2	1
GO:0046923	5	5	4	5	5
GO:0009073	10	9	8	13	10
GO:0043044	2	1	1	3	3
GO:0016872	5	7	5	4	5
GO:0006021	2	2	2	3	1
GO:0004819	2	2	2	1	1
GO:0004634	5	6	4	5	5
GO:0004144	4	5	4	6	5
GO:0070402	1	1	1	1	1
GO:0016746	38	36	29	35	34
GO:0003968	5	9	8	11	5
GO:0005852	19	17	18	15	11
GO:0004869	16	27	18	30	29
GO:0051297	1	1	1	1	1
GO:0030515	1	1	2	1	2
GO:0004526	1	1	1	1	1
GO:0004591	2	4	2	2	2
GO:0005452	4	3	2	4	3
GO:0004375	1	1	1	1	1
GO:0009060	2	2	1	1	0
GO:0030246	114	79	73	110	94
GO:0009864	1	3	2	1	1
GO:0016701	1	1	3	2	3
GO:0043087	1	1	1	1	1
GO:0005850	2	1	1	2	2
GO:0004659	10	9	6	7	7
GO:0015977	11	10	7	7	7
GO:0032783	1	1	1	1	1
GO:0018738	1	1	1	1	1
GO:0005664	2	3	2	2	2
GO:0005685	4	4	4	5	5
GO:0004357	2	2	1	1	1
GO:0034220	2	2	2	2	2
GO:0000940	1	1	1	1	1
GO:0009228	2	2	3	4	3
GO:0006888	18	19	14	19	18
GO:0017176	4	4	3	4	4
GO:0004843	9	8	9	9	9
GO:0006164	5	8	6	10	7
GO:0006470	104	97	100	104	94
GO:0051539	11	12	10	9	10
GO:0003864	1	2	3	1	1
GO:0016706	1	1	1	5	1
GO:0004812	53	49	45	43	42
GO:0007165	78	83	76	78	77
GO:0005515	2301	2035	2008	2492	2137
GO:0050307	3	3	2	2	2
GO:0050662	63	60	68	49	48
GO:0019762	2	2	2	2	2
GO:0006886	99	102	89	102	97
GO:0030244	19	16	23	20	18
GO:0006850	5	5	5	5	5
GO:0001510	4	4	3	4	4
GO:0016833	3	3	3	3	3
GO:0010309	4	4	2	4	3
GO:0000075	1	1	1	1	1
GO:0006275	1	1	4	5	3
GO:0000774	4	5	3	6	4
GO:0003938	1	2	2	2	1
GO:0008184	2	2	2	2	2
GO:0004650	23	21	14	21	17
GO:0008661	3	3	3	2	2
GO:0004797	1	1	1	1	1
GO:0048038	13	15	10	18	12
GO:0010468	5	5	5	6	4
GO:0005986	3	3	2	2	2
GO:0017069	7	6	6	7	7
GO:0017003	1	1	1	1	1
GO:0006465	10	8	7	7	8
GO:0004106	4	3	2	5	4
GO:0005216	21	19	20	19	19
GO:0006348	1	1	1	1	1
GO:0004478	3	4	3	4	3
GO:0098599	1	2	2	2	2
GO:0009298	4	3	5	3	3
GO:0052855	1	1	1	1	1
GO:0016717	5	7	9	6	5
GO:0005506	382	329	370	297	283
GO:0000989	5	4	4	5	4
GO:0009607	7	16	11	7	7
GO:0005884	1	1	1	1	1
GO:0033567	1	1	1	1	1
GO:0004315	12	7	6	5	5
GO:0008017	73	67	64	75	71
GO:0000287	117	101	94	91	81
GO:0004751	3	4	4	3	3
GO:0006546	1	1	1	1	1
GO:0005085	1	1	1	2	2
GO:0004871	19	19	18	19	20
GO:0032502	14	12	9	13	11
GO:0004496	1	1	1	1	1
GO:0000266	3	3	1	3	3
GO:0007015	6	7	5	4	4
GO:0009443	1	1	1	1	1
GO:0015012	4	4	4	4	4
GO:0033177	8	10	5	7	5
GO:0006413	28	23	21	22	20
GO:0008022	1	1	1	1	1
GO:0015116	13	11	9	10	10
GO:0006568	6	7	4	4	5
GO:0003923	1	1	0	1	1
GO:0016575	1	1	1	1	1
GO:0008146	15	9	8	4	12
GO:0006333	2	1	1	2	2
GO:0015770	1	1	1	1	1
GO:0005732	2	1	1	2	1
GO:0008515	1	1	1	1	1
GO:0004559	3	4	5	5	5
GO:0006635	3	4	3	3	3
GO:0050113	1	1	1	1	1
GO:0004096	3	3	3	3	3
GO:0000922	6	5	5	6	5
GO:0046080	1	2	1	1	1
GO:0006298	11	14	11	14	12
GO:0030677	1	1	1	2	1
GO:0003904	1	1	1	1	1
GO:0001735	1	1	1	1	1
GO:0006625	1	1	1	2	2
GO:0006241	6	6	6	5	5
GO:0010038	4	4	3	2	2
GO:0072588	1	1	2	1	2
GO:0048481	2	1	0	2	2
GO:0006571	2	3	3	3	3
GO:0004421	3	2	2	2	2
GO:0003951	5	4	4	4	4
GO:0008176	2	3	3	2	2
GO:0005543	14	13	13	12	11
GO:0016117	4	3	3	4	3
GO:0032040	7	7	7	8	7
GO:0008417	3	2	2	3	2
GO:0045158	1	0	1	1	1
GO:0006436	2	4	3	2	2
GO:0006825	2	2	1	2	2
GO:0000213	2	1	1	1	1
GO:0005774	1	1	2	1	1
GO:0005744	6	6	7	7	5
GO:0009116	16	13	15	15	15
GO:0003830	4	4	2	3	3
GO:0009765	15	17	16	21	21
GO:0042450	2	2	1	2	0
GO:0006826	2	2	2	1	1
GO:0006438	6	3	2	3	3
GO:0033314	1	1	1	1	1
GO:0022904	2	6	2	2	1
GO:0009966	3	4	5	3	2
GO:0071705	3	4	2	3	3
GO:0008430	1	1	1	1	1
GO:0004018	1	1	2	3	1
GO:0006097	1	1	1	1	1
GO:0007275	60	62	74	86	67
GO:0009611	19	36	39	32	29
GO:0051087	16	19	17	17	15
GO:0003840	3	2	2	2	2
GO:0030163	6	6	5	4	4
GO:0006303	2	2	3	2	2
GO:0003725	5	4	3	3	3
GO:0009678	7	8	8	5	5
GO:0019008	2	1	1	1	1
GO:0008380	3	5	4	4	3
GO:0009579	9	11	1	1	3
GO:0033926	8	8	7	8	8
GO:0008654	9	11	9	11	8
GO:0019001	6	6	4	5	5
GO:0033063	1	1	1	1	1
GO:0009231	9	8	8	10	10
GO:0004176	8	9	9	8	8
GO:0005576	18	9	10	14	12
GO:0048046	29	35	33	29	29
GO:0004523	1	2	2	1	1
GO:0005886	9	9	9	7	6
GO:0008676	1	1	1	1	1
GO:0016984	5	4	1	1	1
GO:0016901	3	3	3	12	7
GO:0016829	56	43	49	38	30
GO:2001070	6	6	5	5	6
GO:0003872	15	15	16	13	12
GO:0042256	2	3	3	2	2
GO:0048500	7	12	10	7	10
GO:0005247	9	10	9	10	10
GO:0080123	1	3	2	1	1
GO:0004512	2	2	2	3	1
GO:0006351	132	133	102	121	117
GO:0030151	8	9	6	6	5
GO:0016567	104	93	87	91	86
GO:0031083	3	3	2	3	3
GO:0005789	28	25	26	22	23
GO:0004672	1353	1174	1046	1357	1115
GO:0016708	1	1	1	1	1
GO:0003917	5	5	6	8	7
GO:0004576	2	3	3	3	3
GO:0051382	2	2	3	1	2
GO:0031225	11	10	10	9	9
GO:0003856	1	1	1	3	1
GO:0005759	10	9	8	8	8
GO:0006066	1	1	1	1	1
GO:0003677	775	755	703	799	748
GO:0030976	14	12	8	12	10
GO:0005801	9	10	6	10	8
GO:0008686	3	3	3	4	4
GO:0003729	5	5	4	6	6
GO:0002098	1	1	1	1	1
GO:0004568	16	16	17	15	13
GO:0046658	2	2	2	2	2
GO:0046422	1	1	1	2	2
GO:0050661	28	31	26	28	29
GO:0046961	18	17	13	11	11
GO:0019898	21	19	17	18	19
GO:0030014	5	5	3	6	4
GO:0030126	8	7	7	7	6
GO:0000502	2	2	1	2	3
GO:0043562	1	2	1	1	1
GO:0009308	6	8	6	4	4
GO:0004455	2	2	2	2	2
GO:0003714	2	2	2	2	3
GO:0043047	1	1	3	1	1
GO:0019773	10	9	11	11	11
GO:0019904	8	8	6	7	8
GO:0016747	176	160	150	150	157
GO:0019310	1	1	1	1	1
GO:0004066	3	3	4	4	4
GO:0004857	69	65	70	77	63
GO:0006952	23	36	29	29	24
GO:0004743	10	11	11	9	9
GO:0004056	2	2	1	2	0
GO:0004623	4	4	3	4	4
GO:0032777	3	2	2	4	3
GO:0030975	3	3	3	3	3
GO:0045300	8	12	11	8	9
GO:0006457	98	89	89	99	86
GO:0010181	22	23	21	18	18
GO:0004813	4	4	4	5	3
GO:0006396	43	43	36	47	47
GO:0045263	4	2	1	1	1
GO:0048573	1	1	1	3	1
GO:0016779	24	28	18	23	24
GO:0006807	20	19	20	21	20
GO:0010207	3	3	3	3	3
GO:0017089	9	6	6	7	6
GO:0016636	1	1	1	1	1
GO:0051259	1	1	1	1	1
GO:0009976	1	1	1	1	1
GO:0004525	10	9	8	10	10
GO:0005785	1	2	2	2	2
GO:0004719	2	2	1	2	2
GO:0004844	1	1	1	2	1
GO:0008478	1	1	1	1	1
GO:0004643	1	2	1	3	3
GO:0032300	2	3	1	2	2
GO:0019887	2	2	3	4	4
GO:0005337	3	4	4	2	2
GO:0005319	1	1	1	1	1
GO:0015923	3	5	4	5	5
GO:0015035	70	79	71	72	71
GO:0043039	13	14	13	12	12
GO:0051225	6	7	5	6	6
GO:0008033	33	29	30	37	34
GO:0016992	5	6	5	4	5
GO:0003756	1	1	3	3	2
GO:0047746	2	0	0	1	0
GO:0016868	6	6	7	7	7
GO:0008429	1	1	1	3	1
GO:0008308	10	8	7	6	5
GO:0016531	2	2	1	2	2
GO:0008540	2	3	2	3	1
GO:0043419	1	1	1	1	1
GO:0030041	1	1	1	1	1
GO:0019441	4	2	2	3	3
GO:0043968	1	1	1	1	1
GO:0004637	2	2	4	2	2
GO:0005846	2	2	2	2	2
GO:0020037	519	470	485	436	407
GO:0006412	365	340	274	301	279
GO:0003824	393	388	383	375	348
GO:0008234	105	78	95	167	97
GO:0042651	6	4	5	6	7
GO:0009834	1	1	1	1	1
GO:0006012	2	2	3	3	3
GO:0008534	1	1	0	2	1
GO:0006788	2	4	3	2	1
GO:0018342	3	4	4	4	3
GO:0004649	1	1	1	1	1
GO:0004489	1	1	1	1	1
GO:0008144	1	1	1	1	1
GO:0003854	26	33	25	30	29
GO:0004140	1	1	2	3	1
GO:0005672	3	4	4	4	4
GO:0009507	8	8	6	11	8
GO:0006423	1	1	1	1	1
GO:0015031	37	29	30	32	30
GO:0016049	12	12	11	11	11
GO:0016149	9	8	9	10	10
GO:0005788	1	1	1	0	0
GO:0000151	2	2	2	2	1
GO:0030259	4	4	4	3	4
GO:0016972	2	2	2	2	2
GO:0047325	6	6	5	5	5
GO:0016798	12	12	9	13	13
GO:0004420	3	3	3	3	3
GO:0005815	6	5	5	6	5
GO:0006032	16	16	17	15	13
GO:0034709	2	2	1	2	1
GO:0006468	1356	1177	1047	1358	1117
GO:0071805	26	28	27	29	28
GO:0015689	4	4	4	5	4
GO:0004664	7	6	4	7	6
GO:0005871	54	52	49	64	51
GO:0019236	1	1	0	0	0
GO:0008289	25	30	38	28	29
GO:0004499	16	19	16	14	15
GO:0042393	27	32	32	31	30
GO:0005096	18	17	17	16	15
GO:0008108	1	1	1	1	1
GO:0030132	6	5	4	5	5
GO:0009916	6	5	6	6	5
GO:0008270	744	717	832	795	730
GO:0009909	1	1	1	3	1
GO:0003700	496	514	461	485	463
GO:0008977	2	3	3	3	3
GO:0005047	1	2	2	2	2
GO:0001682	1	1	1	1	1
GO:0006433	2	2	3	2	2
GO:0008649	2	1	2	2	2
GO:0004671	1	1	1	1	1
GO:0008026	4	4	3	5	5
GO:0019370	1	1	1	1	1
GO:0006352	25	25	24	34	33
GO:0030036	6	4	5	4	2
GO:0019211	1	1	1	1	1
GO:0045454	105	109	101	105	102
GO:0030599	43	38	40	34	35
GO:0018343	1	1	1	1	1
GO:0003995	9	9	9	7	7
GO:0006813	3	4	3	4	3
GO:0008324	18	16	11	22	18
GO:0016413	5	2	1	1	1
GO:0016765	6	8	7	6	6
GO:0005730	2	3	3	3	3
GO:0006893	1	1	1	1	1
GO:0016853	17	21	23	19	17
GO:0006367	12	13	11	12	13
GO:0006486	47	46	41	52	45
GO:0070552	1	1	1	1	1
GO:0043141	5	3	3	2	2
GO:0000275	3	4	3	3	3
GO:0007030	1	1	1	1	1
GO:0004814	2	1	3	2	2
GO:0048316	2	1	0	2	2
GO:0006090	2	2	2	1	1
GO:0009651	1	1	2	1	1
GO:0032264	2	2	3	2	2
GO:0006801	7	9	7	7	8
GO:0009522	22	26	9	11	14
GO:0042742	4	6	5	2	2
GO:0031515	3	1	1	2	3
GO:0015078	27	27	20	21	18
GO:0007050	6	7	5	6	7
GO:0005694	14	11	12	17	13
GO:0006812	46	44	39	52	46
GO:0016791	6	4	4	6	5
GO:0015020	1	1	1	1	1
GO:0006662	30	34	25	32	30
GO:0070966	1	1	1	5	2
GO:0006419	4	4	4	5	3
GO:0006904	12	13	12	13	12
GO:0001882	1	1	0	1	1
GO:0009113	2	2	4	2	2
GO:0032542	1	2	1	1	1
GO:0045156	5	4	0	0	4
GO:0006508	420	411	399	501	400
GO:0009378	20	24	26	27	26
GO:0003678	9	27	8	11	8
GO:0016866	3	3	3	5	4
GO:0000808	2	3	3	3	2
GO:0006313	3	1	0	0	0
GO:0016810	8	7	9	9	8
GO:0004326	2	3	2	3	3
GO:0008280	2	1	1	1	1
GO:0008685	1	1	0	1	1
GO:0015979	98	86	58	50	51
GO:0051603	21	25	23	22	22
GO:0006614	10	19	13	14	14
GO:0034599	1	1	1	1	1
GO:0000055	1	1	1	1	0
GO:0005666	4	3	2	4	4
GO:0004527	5	7	6	7	4
GO:0031204	4	3	5	5	5
GO:0010411	5	2	1	1	1
GO:0042398	2	2	1	1	1
GO:0004177	8	8	7	8	7
GO:0005956	2	2	3	4	4
GO:0005853	3	3	2	8	7
GO:0008299	21	23	17	20	18
GO:0004347	4	2	1	2	2
GO:0015934	19	15	12	10	10
GO:0003954	1	1	1	1	1
GO:0016891	5	5	4	6	6
GO:0030173	1	1	1	1	1
GO:0002161	3	3	2	3	3
GO:0004830	2	4	3	2	2
GO:0004571	8	6	5	4	4
GO:0009247	1	0	0	0	2
GO:0070461	3	5	4	3	3
GO:0009725	26	25	27	28	28
GO:0005536	10	7	7	9	9
GO:0004150	3	2	1	1	1
GO:0006094	7	4	2	4	4
GO:0016851	3	3	3	3	3
GO:0000786	40	35	35	41	36
GO:0009958	1	1	1	1	0
GO:0042586	3	2	2	2	2
GO:0008641	13	13	14	13	12
GO:0043486	1	1	1	1	1
GO:0016624	6	7	6	5	5
GO:0006644	3	3	3	4	2
GO:0004746	1	1	1	1	1
GO:0051082	39	32	32	34	32
GO:0009331	5	5	6	5	5
GO:0004540	5	5	4	5	4
GO:0003747	7	7	7	7	7
GO:0034968	15	19	18	22	19
GO:0004416	1	1	0	1	1
GO:0016157	11	9	8	10	10
GO:0000123	2	2	2	2	2
GO:0006432	2	2	3	2	2
GO:0007131	1	2	1	1	1
GO:0016627	15	15	14	16	17
GO:0031625	11	9	9	11	8
GO:0071586	1	1	1	1	1
GO:0006950	99	83	83	85	81
GO:0008839	4	3	3	4	3
GO:0045131	1	1	2	1	1
GO:0000445	2	2	1	2	2
GO:0006760	3	2	1	1	1
GO:0005634	499	496	474	518	487
GO:0004476	3	2	3	2	2
GO:0003934	1	1	1	2	1
GO:0000796	3	3	3	5	3
GO:0000045	5	5	4	8	6
GO:0004816	1	1	1	1	1
GO:0005680	6	6	4	9	6
GO:0004612	3	2	1	2	2
GO:0009245	3	4	2	3	3
GO:0045901	4	4	2	3	2
GO:0030001	92	99	86	98	87
GO:0008097	4	4	4	5	5
GO:0019905	1	1	1	1	1
GO:0003689	1	1	2	1	1
GO:0008318	3	4	4	4	3
GO:0030127	10	10	9	10	10
GO:0016579	14	6	8	13	7
GO:0005985	11	9	8	10	10
GO:0004077	1	1	1	3	2
GO:0006418	50	46	41	40	39
GO:0008352	1	1	1	1	1
GO:0008612	2	1	3	1	1
GO:0003743	46	38	37	35	29
GO:0030042	11	10	8	9	7
GO:0019288	3	2	1	1	1
GO:0006561	1	1	1	1	1
GO:0005777	10	11	10	13	10
GO:0006482	1	1	1	1	1
GO:0006481	1	1	1	1	1
GO:0042176	2	2	1	2	3
GO:0046907	4	5	5	5	5
GO:0000398	29	25	26	27	26
GO:0008356	3	2	2	1	1
GO:0004861	6	7	5	6	7
GO:0006397	20	20	14	21	18
GO:0006559	1	1	1	1	1
GO:0006366	4	4	3	3	4
GO:0071949	20	15	14	13	12
GO:0005747	3	2	1	2	3
GO:0016773	45	40	40	42	42
GO:0009086	2	2	1	2	2
GO:0004866	2	2	2	1	3
GO:0004674	17	19	13	15	13
GO:0008531	2	1	1	1	1
GO:0008200	1	0	0	1	1
GO:0009446	1	1	1	2	2
GO:0030131	5	5	5	5	5
GO:0008121	5	6	7	6	6
GO:0055114	1229	1249	1192	1125	1066
GO:0019237	1	1	1	0	1
GO:0004712	1	1	1	1	0
GO:0006072	5	5	6	5	5
GO:0050664	8	9	8	9	10
GO:0008137	20	14	9	8	8
GO:0004721	3	2	3	2	2
GO:0008242	3	4	5	4	4
GO:0005750	4	3	2	3	3
GO:0047134	9	5	4	3	4
GO:0046373	8	5	6	5	5
GO:0010024	1	1	1	1	1
GO:0015450	3	3	3	4	2
GO:0004514	1	1	1	1	1
GO:0006914	6	5	5	4	4
GO:0008963	2	2	2	3	2
GO:0006368	4	4	4	5	4
GO:0005758	2	2	1	2	2
GO:0031929	2	2	2	1	1
GO:0008716	1	1	2	1	1
GO:0009098	2	2	2	1	1
GO:0006270	5	5	5	6	4
GO:0004842	114	106	96	108	100
GO:0047750	2	3	4	1	1
GO:0003735	354	332	270	291	271
GO:0000160	44	44	47	47	48
GO:0080028	2	2	2	2	2
GO:0000724	4	4	3	4	4
GO:0008236	23	25	26	23	25
GO:0006425	2	2	2	1	1
GO:0006355	985	965	866	971	930
GO:0008083	6	5	6	5	4
GO:0042823	4	1	1	2	2
GO:0004803	3	1	0	0	0
GO:0030688	1	1	0	1	1
GO:0004592	1	2	1	2	1
GO:0003723	208	211	182	215	197
GO:0007021	1	1	1	2	2
GO:0000910	12	9	11	11	11
GO:0048037	1	1	1	1	1
GO:0004175	10	9	11	11	11
GO:0010508	2	3	1	1	1
GO:0016846	5	6	5	5	6
GO:0008725	6	6	6	6	6
GO:0004399	1	2	1	2	1
GO:0052862	1	2	2	1	1
GO:0003980	1	1	1	1	1
GO:0012511	7	7	4	6	7
GO:0031023	1	2	1	1	1
GO:0006189	3	2	1	2	2
GO:0019684	13	10	9	3	9
GO:0033947	1	1	1	1	1
GO:0004788	3	3	3	4	3
GO:0005794	8	4	3	5	5
GO:0004386	18	22	20	19	20
GO:0004652	8	7	5	6	7
GO:0009744	1	2	1	1	1
GO:0006383	4	3	2	4	4
GO:0015930	3	3	3	3	3
GO:0070531	1	1	1	1	1
GO:0016831	19	23	18	25	23
GO:0033180	3	3	4	4	3
GO:0001678	10	7	7	9	9
GO:0030247	126	82	77	135	79
GO:0080019	10	8	15	9	8
GO:0016671	8	8	10	10	8
GO:0005089	11	12	10	10	10
GO:0030170	75	73	61	70	67
GO:0007093	1	1	1	1	0
GO:0016790	5	6	6	5	4
GO:0033178	20	19	8	11	10
GO:0006665	4	4	4	5	5
GO:0008061	10	10	11	18	12
GO:0009742	1	1	1	1	1
GO:0009041	1	2	1	1	1
GO:0051276	4	4	4	5	4
GO:0003905	1	1	1	1	1
GO:0046168	4	4	5	4	4
GO:0051028	1	1	1	1	1
GO:0048015	4	5	3	4	4
GO:0009986	1	0	0	0	0
GO:0070569	7	11	6	7	7
GO:0042761	1	1	1	1	1
GO:0042162	1	1	2	1	1
GO:0050897	1	1	1	1	1
GO:0004749	3	3	2	2	3
GO:0015696	12	9	6	8	8
GO:0004367	5	5	6	5	5
GO:0045010	1	1	1	1	1
GO:0019867	8	8	8	6	7
GO:0044030	2	2	1	1	2
GO:0003684	12	12	11	13	13
GO:0048278	1	1	1	1	1
GO:0000244	3	1	2	1	2
GO:0019239	3	3	3	5	3
GO:0003755	27	28	30	34	28
GO:0006879	2	2	2	1	1
GO:0008173	12	12	10	15	12
GO:0006384	1	3	0	3	2
GO:0008272	14	11	9	10	10
GO:0004366	1	1	1	1	1
GO:0030091	7	7	7	7	6
GO:0033179	5	4	5	3	5
GO:0005778	3	3	4	4	4
GO:0007059	1	2	3	2	1
GO:0006694	29	37	31	34	32
GO:0015986	30	25	19	17	15
GO:0010223	1	1	0	1	1
GO:0009415	7	4	4	9	8
GO:0005819	5	5	5	5	4
GO:0004602	6	7	7	5	5
GO:0008915	1	1	1	1	1
GO:0000042	1	1	1	1	1
GO:0045039	2	2	2	1	0
GO:0019843	22	25	15	22	20
GO:0009055	145	146	137	139	131
GO:0015098	4	4	4	5	4
GO:0006570	1	1	1	1	1
GO:0004553	276	255	253	237	242
GO:0000172	1	1	1	2	1
GO:0004618	5	4	4	3	3
GO:0016788	130	137	134	132	130
GO:0003937	1	2	1	3	3
GO:0009910	2	2	2	1	1
GO:0003950	7	7	7	6	5
GO:0035058	2	2	2	2	2
GO:0018298	3	3	3	4	4
GO:0004834	6	6	3	4	4
GO:0004057	1	1	1	1	1
GO:0009767	6	3	9	1	5
GO:0005525	166	180	163	168	164
GO:0006302	2	3	3	3	3
GO:0031072	11	8	9	10	9
GO:0004435	4	5	5	4	4
GO:0006913	3	4	3	3	3
GO:0030488	3	1	1	2	3
GO:0000276	5	6	4	5	5
GO:0006376	3	3	2	4	4
GO:0016174	1	1	0	1	1
GO:0015937	3	3	4	5	3
GO:0005761	1	1	1	1	1
GO:0004358	1	1	1	1	1
GO:0032957	6	6	5	5	5
GO:0015992	23	26	16	15	15
GO:0004019	2	3	2	4	2
GO:0008615	1	1	1	1	1
GO:0006421	1	1	1	1	1
GO:0016035	2	1	0	1	1
GO:0030234	3	3	2	3	4
GO:0005876	1	1	1	1	1
GO:0004555	1	2	0	1	1
GO:0005198	19	17	16	18	18
GO:0006487	4	5	3	4	4
GO:0004392	2	4	3	2	1
GO:0051016	2	2	1	2	2
GO:0000124	2	2	1	1	2
GO:0007064	2	1	1	1	1
GO:0004107	1	1	1	1	1
GO:0008483	16	13	12	17	14
GO:0010430	1	1	1	1	1
GO:0008312	8	13	10	9	11
GO:0019781	1	1	1	1	1
GO:0004556	10	12	9	5	5
GO:0016614	11	10	12	10	10
GO:0016879	1	1	1	1	1
GO:0008616	2	2	2	2	2
GO:0005451	1	2	1	1	1
GO:0009772	5	4	0	0	4
GO:0015693	12	11	11	11	11
GO:0030532	1	3	2	1	1
GO:0004550	6	6	6	5	5
GO:0016679	3	3	3	3	2
GO:0006370	2	1	1	2	2
GO:0009007	1	0	0	0	0
GO:0001104	16	13	14	14	14
GO:0006869	2	2	2	2	2
GO:0016272	7	7	7	5	5
GO:0003879	1	2	1	1	1
GO:0033588	2	3	2	3	3
GO:0051301	2	2	2	2	2
GO:0000139	11	11	9	11	10
GO:0016226	12	12	10	12	13
GO:0004583	1	1	1	1	1
GO:0042274	3	2	2	2	3
GO:0004635	1	1	2	1	1
GO:0006289	16	17	14	16	15
GO:0006000	2	2	2	2	2
GO:0009107	5	6	5	4	5
GO:0015238	56	61	50	51	49
GO:0003918	5	5	5	9	7
GO:0000049	7	7	9	7	7
GO:0031047	12	17	11	14	16
GO:0000145	50	36	37	37	30
GO:0045892	1	1	1	1	1
GO:0008290	2	2	1	2	2
GO:0005542	2	2	1	4	2
GO:0009082	4	2	2	2	3
GO:0045261	12	8	7	4	4
GO:0035556	11	12	13	10	10
GO:0009089	5	4	5	5	4
GO:0060918	1	1	1	1	1
GO:0007017	21	22	23	21	19
GO:0006108	2	3	4	3	2
GO:0045145	1	2	1	1	1
GO:0004852	2	2	2	1	2
GO:0018580	1	2	2	1	1
GO:0000723	4	26	9	7	6
GO:0018024	17	21	22	24	22
GO:0006359	1	1	2	2	1
GO:0031931	2	2	2	1	1
GO:0008565	21	17	20	18	18
GO:0005856	9	7	8	9	6
GO:0005965	1	1	1	1	1
GO:0003855	3	3	2	2	2
GO:0009982	19	16	13	17	17
GO:0016301	31	31	30	29	28
GO:0030410	3	3	2	4	7
GO:0015297	56	61	50	51	49
GO:0005737	150	146	137	145	131
GO:0016209	13	14	9	13	13
GO:0016651	11	9	6	6	5
GO:0006434	3	5	2	4	3
GO:0070403	2	2	0	2	2
GO:0046488	18	18	16	18	17
GO:0004826	2	2	3	2	2
GO:0003697	13	13	11	12	13
GO:0006979	169	177	157	174	163
GO:0005094	3	5	5	3	3
GO:0017056	2	3	2	3	2
GO:0019538	15	20	13	13	16
GO:0004425	3	4	3	3	3
GO:0008909	1	1	1	1	1
GO:0034457	2	1	1	2	1
GO:0006308	4	5	5	5	5
GO:0046933	17	13	11	8	8
GO:0005742	4	4	3	3	4
GO:0016570	5	5	5	6	5
GO:0015700	5	4	2	3	3
GO:0005840	340	323	263	283	263
GO:0019295	1	1	1	1	1
GO:0016757	92	102	88	77	78
GO:0004112	1	0	1	1	1
GO:0043461	1	1	1	1	1
GO:0003906	2	2	2	2	2
GO:0015991	36	38	23	26	24
GO:0035091	10	10	8	9	8
GO:0003852	2	2	2	1	1
GO:0007023	1	1	1	1	1
GO:0005667	9	9	9	10	10
GO:0001671	3	3	2	2	2
GO:0008378	32	30	25	33	31
GO:0036092	2	1	1	1	0
GO:0005741	10	10	10	9	9
GO:0016881	1	1	1	1	1
GO:0006808	1	1	1	1	1
GO:0003843	11	11	11	13	13
GO:0016702	26	21	22	17	16
GO:0016820	20	20	10	13	11
GO:0005834	5	4	5	4	4
GO:0006415	11	10	10	12	12
GO:0030274	3	4	4	3	2
GO:0004000	1	2	1	1	1
GO:0019752	29	33	27	34	32
GO:0008610	43	35	43	31	38
GO:0003690	32	38	29	44	39
GO:0004806	2	2	2	3	2
GO:0009733	58	72	70	60	58
GO:0004781	2	2	1	2	2
GO:0051745	3	2	1	1	1
GO:0016597	17	19	20	22	23
GO:0005507	58	69	52	65	60
GO:0000175	1	1	1	1	1
GO:0015996	2	0	0	1	0
GO:0016925	1	2	1	2	2
GO:0006597	4	4	2	3	3
GO:0048366	3	2	2	1	1
GO:0015079	26	28	27	29	28
GO:0008375	32	37	32	32	33
GO:0030071	3	2	2	2	2
GO:0005643	14	16	13	15	14
GO:0006071	1	2	2	1	1
GO:0008271	14	11	9	10	9
GO:0046835	10	7	7	9	9
GO:0046537	1	1	1	1	1
GO:0007049	19	21	20	24	18
GO:0010333	46	33	38	29	22
GO:0030896	3	3	3	5	3
GO:0006811	23	21	22	22	22
GO:0004665	2	3	3	3	3
GO:0042626	49	54	46	59	54
GO:0006730	1	2	1	1	1
GO:0004820	1	1	1	1	1
GO:0006338	9	9	8	10	10
GO:0004411	1	1	1	1	1
GO:0008703	1	1	1	1	1
GO:0042773	4	2	2	1	1
GO:0006003	2	2	2	2	2
GO:0004807	3	3	2	2	2
GO:0030150	6	5	6	5	6
GO:0008864	1	1	1	1	1
GO:0006400	5	6	7	6	5
GO:0009396	6	9	5	10	9
GO:0050515	1	1	1	1	1
GO:0051287	48	49	42	46	45
GO:0043240	1	1	1	1	1
GO:0017053	3	4	2	5	3
GO:0000413	27	28	30	34	28
GO:0045900	1	2	1	1	1
GO:0043139	1	1	1	1	1
GO:0004654	2	2	2	2	2
GO:0006207	2	2	2	2	2
GO:0004151	1	1	2	1	1
GO:0016480	1	1	2	2	1
GO:0031966	1	1	1	1	1
GO:0034477	1	1	1	1	1
GO:0004424	1	1	1	1	1
GO:0003896	3	5	2	4	4
GO:0008198	2	1	1	2	3
GO:0031124	3	3	4	3	3
GO:0043022	6	7	5	5	4
GO:0035194	2	2	2	2	1
GO:0052726	6	6	5	5	5
GO:1902358	4	1	1	1	1
GO:0017009	1	1	2	1	1
GO:0003779	18	20	15	18	19
GO:0043564	1	1	2	1	1
GO:0006073	29	35	33	29	29
GO:0009058	90	95	78	89	98
GO:0003922	1	1	1	1	1
GO:0006099	9	11	8	9	9
GO:0006535	6	4	3	4	4
GO:0004134	2	3	2	2	3
GO:0004345	5	5	5	6	6
GO:0016168	6	3	9	1	5
GO:0050242	2	2	2	1	1
GO:0004334	1	1	1	1	1
GO:0042301	1	2	4	0	1
GO:0033014	5	5	6	6	8
GO:0032955	1	1	1	1	1
GO:0003942	3	2	2	2	2
GO:0032775	1	0	0	0	0
GO:0004055	1	1	2	1	2
GO:0008408	25	24	21	26	22
GO:0071704	3	2	3	3	3
GO:0009001	6	4	3	4	4
GO:0043631	8	7	5	6	7
GO:0006499	1	1	1	1	1
GO:0072488	12	9	7	8	6
GO:0006562	1	1	1	1	1
GO:0009538	5	5	4	5	5
GO:0006520	20	17	18	19	16
GO:0019985	2	1	0	1	1
GO:0030123	3	2	2	3	2
GO:0005351	7	7	6	7	7
GO:0003868	1	1	3	2	3
GO:0015936	3	3	3	3	3
